$ANSIBLE_VAULT;1.1;AES256
66346230653831613739363136313336656363643535323530653337303266643930613833353235
3934386366613738626632313037306561623134636162630a656131336533646665333761656335
39346163363465303436653065303337643131353665353339323436643064333238393661313334
6266663731666134620a613336316434653938663439616537333735653463316531393930663832
36303335303366346537373862396631626431623033336666386262653131333766353135356236
65636333356464393637633537636464653061613763333664336439396431626561393030313739
62383130356161623861323162656337323030303464666530303533373432303264376665323865
66646534323766613839366663316363623364323434346565323930373139643132663561656461
65653436373232346664656263646166333234613732663737626666643638313037656632363863
37653038366432663865373962393931613634313630656364643038386236306632346566356539
66633162383630616130656234323539323965636163386562346465633935303030623134323638
63383238323733386433626461393762386437646531323733333465646334363163636132306437
64393434383830646163393331356530373963623732386133616661386631366633623935663537
61393363623233326136303632666138343361356231396533323562393365376330376632373034
65623866366437313965643639643536343364393934353839303764633463356630646632383039
64653037643462343763346265333430323865396266636464396638326464393461633231346165
61353434356662373930376262646337373865303732653538313866383337616565333736643037
34313066393632363636306632333565373739346532343336643339396530383034346438346636
61653166353039373631666536373837323332393934653463646638636564326362373032353732
65633761663638306637656438313538316661373332626465356161386465323239663432373238
30363262333065383139313337303665376132306231383061663732653061666562353032336337
34326466333537353164666564346462623035626264613432333562623265393139376337386561
62333438386637336635393438646232633264386161383736613566633764336465633636353834
61613034316462356465613330636135356339623130346364643864383362316661643437613033
38316635383130373065623830323734613230373665666130623365396364656264633234646337
33633635363038376630303565316534363737616533666166613661636130613563396662653335
38386664633961303131656565303035313731363635326532626134663833666464626566376136
36663636613231313564303966666432323234643030333535393736353632663436346434353136
65326662366462666431363032356439333439656563303032323766653063303462303561303732
65373439366662336430333038613637636265393239393931666635613936633866346564346238
32393134373139626638656539633230633239323765353934653133356636373663386639393836
65313861653633616364313231643464373964306363353633393032343939666463313936626633
33376338346433666432326465613935623537393063653633303166366530393839376465643531
61643666323265393234303064353330333537643937613935316637393833346463633366356165
34356331386464376630333761653631383636623263333538303234386164643939373630303263
66353761646437636134313965653336623237386237353561313434626334633336663561653232
35313666383535396439326231636535373161396330363639643961336232376136303033643139
32666139356337643134396136636139363463343137643765363766303836366464323862323038
32343239363035316630663265633337643730623236323734353030656439313235653437653761
38323037353835333165366430626337383165626435393665373466343563353539393366363436
35646438323761663334323462363630613364363166363133313532623532393262623663346265
32356232376136646435396562396231383937393533346539336132663833346232333235633636
34373433383732303439643065616438623336373835303162323362336364313231356332393936
63656535323134656438383262656162323061373965373033306136396565303161386630643633
35636335666563363738366434353063306364643863306561643066366237633765376566646264
39646238326365313238343137646131663630313266353865393165363263373832653463623865
64646565333936666231346562383038363935626435666261323466666364636364396561396533
35363866343035346631363234376239303863303731636430623639666639633762396434656464
38373564643737383138656465396531303265386662326365373563376133616338326231663535
62613236666232383331643863346430373037663062633766613137303565376339613736383134
36333638646561666537663162393033646132306631346465653238333137626237383965656661
35363162383064626436343031656166666335663439636366613733396435653831356539626234
33396666356538613739313336306362366261383234383635303139366433666233303632333362
31343239656237313738623630353938666162326364613737363366353833633039326333643266
66653431663162316339396366656266343737353561643539663838643234616162613236616530
33303765323865666434653133306365353238336437636466666239643532353864306462626232
30323638313131343363373837653337303734653463306166373365396236363636363862316230
38333238663139363934353363306561636434343232616133306230326239656464346361616437
383464376230653535306333623632633032
