$ANSIBLE_VAULT;1.1;AES256
39663233323864303432666566313434643335633862336138343031636562366638356632373536
3734613139343133613635303437326362343931616639380a383865393036393663653838613630
32363532613566666235663464393532383637353631646663316166333931643337316361656362
6137363832396231320a643433366535373136633938336566316539646133653437323634396562
61303365653535323937656232383862393065356566653365646338393934343964393265653935
62316238643663363837663462653135353836353366373261656432316130323937343336313862
31316565383637643965343236353135326531326232363866643665376139623036306536353062
30303937383162386539356132613066643036316661386561343265316163653963633537646235
62316334306332343565616263343137303631346335363532393839633538333039613332633538
33323339626633316636333065356230306131623138636163666462383837616161343966326434
30666534353538353032333433643533626232306437633537343166376139366636656338323733
31316132383766303330306261333137643734386361373135626665346561303031363232333665
37306236393436613430343465613931393334333930316430303266366534653233383935363664
3735616439643335663233633661363533653665363563643336
